03020000 10F5E828
00000001 00000000
05020000 11003000
00000000 00000000
00020000 11003000
00000000 00000000
D0000000 DEADCAFE
03020000 10F5E828
00000002 00000000
05020000 11003000
00000001 00000000
00020000 11003000
00000001 00000000
D0000000 DEADCAFE
03020000 10F5E828
00000003 00000000
05020000 11003000
00000002 00000000
00020000 11003000
00000002 00000000
D0000000 DEADCAFE
03020000 10F5E828
00000004 00000000
05020000 11003000
00000003 00000000
00020000 11003000
00000003 00000000
D0000000 DEADCAFE
03020000 10F5E828
00000005 00000000
05020000 11003000
00000004 00000000
00020000 11003000
00000004 00000000
D0000000 DEADCAFE
03020000 10F5E828
00000006 00000000
05020000 11003000
00000005 00000000
00020000 11003000
00000005 00000000
D0000000 DEADCAFE
03020000 10F5E828
00000007 00000000
05020000 11003000
00000006 00000000
00020000 11003000
00000006 00000000
D0000000 DEADCAFE
03020000 10F5E828
00000008 00000000
05020000 11003000
00000007 00000000
00020000 11003000
00000007 00000000
D0000000 DEADCAFE
06020000 11003000
00000000 00000000
00020000 11003000
00000000 00000000
D0000000 DEADCAFE
03010000 102EFA66
00000100 00000000
00020000 11003000
00000000 00000000
D0000000 DEADCAFE
03010000 102EFA66
00000100 00000000
0C000000 00000001
10020000 11003000
14040000 FFFFFFFF
11020000 11003000
D2000000 CAFEBABE
D0000000 DEADCAFE
0D000000 102EFA66
03010000 102EFA66
00000200 00000000
0C000000 00000001
10020000 11003000
14040000 00000001
11020000 11003000
D2000000 CAFEBABE
D0000000 DEADCAFE
0D000000 102EFA66
03020000 11003000
00000001 00000000
30000000 10A72A4C
10000000 50000000
31000000 000000C8
30100000 00000000
10000000 50000000
31000000 00000008
30100000 00000000
10000000 50000000
12100001 00000128
12100002 00000120
12100003 00000118
30000000 10A0A610
10000000 50000000
31000000 00000104
30100000 00000000
10000000 50000000
13100001 00000128
13100002 00000120
13100003 00000118
D0000000 DEADCAFE
03020000 11003000
00000002 00000000
30000000 10A72A4C
10000000 50000000
31000000 000000C8
30100000 00000000
10000000 50000000
31000000 00000010
30100000 00000000
10000000 50000000
12100001 00000128
12100002 00000120
12100003 00000118
30000000 10A0A610
10000000 50000000
31000000 00000104
30100000 00000000
10000000 50000000
13100001 00000128
13100002 00000120
13100003 00000118
D0000000 DEADCAFE
03020000 11003000
00000003 00000000
30000000 10A72A4C
10000000 50000000
31000000 000000C8
30100000 00000000
10000000 50000000
31000000 00000018
30100000 00000000
10000000 50000000
12100001 00000128
12100002 00000120
12100003 00000118
30000000 10A0A610
10000000 50000000
31000000 00000104
30100000 00000000
10000000 50000000
13100001 00000128
13100002 00000120
13100003 00000118
D0000000 DEADCAFE
03020000 11003000
00000004 00000000
30000000 10A72A4C
10000000 50000000
31000000 000000C8
30100000 00000000
10000000 50000000
31000000 00000020
30100000 00000000
10000000 50000000
12100001 00000128
12100002 00000120
12100003 00000118
30000000 10A0A610
10000000 50000000
31000000 00000104
30100000 00000000
10000000 50000000
13100001 00000128
13100002 00000120
13100003 00000118
D0000000 DEADCAFE
03020000 11003000
00000005 00000000
30000000 10A72A4C
10000000 50000000
31000000 000000C8
30100000 00000000
10000000 50000000
31000000 00000028
30100000 00000000
10000000 50000000
12100001 00000128
12100002 00000120
12100003 00000118
30000000 10A0A610
10000000 50000000
31000000 00000104
30100000 00000000
10000000 50000000
13100001 00000128
13100002 00000120
13100003 00000118
D0000000 DEADCAFE
03020000 11003000
00000006 00000000
30000000 10A72A4C
10000000 50000000
31000000 000000C8
30100000 00000000
10000000 50000000
31000000 00000030
30100000 00000000
10000000 50000000
12100001 00000128
12100002 00000120
12100003 00000118
30000000 10A0A610
10000000 50000000
31000000 00000104
30100000 00000000
10000000 50000000
13100001 00000128
13100002 00000120
13100003 00000118
D0000000 DEADCAFE
03020000 11003000
00000007 00000000
30000000 10A72A4C
10000000 50000000
31000000 000000C8
30100000 00000000
10000000 50000000
31000000 00000038
30100000 00000000
10000000 50000000
12100001 00000128
12100002 00000120
12100003 00000118
30000000 10A0A610
10000000 50000000
31000000 00000104
30100000 00000000
10000000 50000000
13100001 00000128
13100002 00000120
13100003 00000118
D0000000 DEADCAFE
03020000 10F5E828
00000001 00000000
05020000 11003000
00000000 00000000
00020000 11003000
00000000 00000000
D0000000 DEADCAFE
03020000 10F5E828
00000002 00000000
05020000 11003000
00000001 00000000
00020000 11003000
00000001 00000000
D0000000 DEADCAFE
03020000 10F5E828
00000003 00000000
05020000 11003000
00000002 00000000
00020000 11003000
00000002 00000000
D0000000 DEADCAFE
03020000 10F5E828
00000004 00000000
05020000 11003000
00000003 00000000
00020000 11003000
00000003 00000000
D0000000 DEADCAFE
03020000 10F5E828
00000005 00000000
05020000 11003000
00000004 00000000
00020000 11003000
00000004 00000000
D0000000 DEADCAFE
03020000 10F5E828
00000006 00000000
05020000 11003000
00000005 00000000
00020000 11003000
00000005 00000000
D0000000 DEADCAFE
03020000 10F5E828
00000007 00000000
05020000 11003000
00000006 00000000
00020000 11003000
00000006 00000000
D0000000 DEADCAFE
03020000 10F5E828
00000008 00000000
05020000 11003000
00000007 00000000
00020000 11003000
00000007 00000000
D0000000 DEADCAFE
06020000 11003000
00000000 00000000
00020000 11003000
00000000 00000000
D0000000 DEADCAFE
03010000 102EFA66
00000100 00000000
00020000 11003000
00000000 00000000
D0000000 DEADCAFE
03010000 102EFA66
00000400 00000000
0C000000 00000001
10020000 11003000
14040000 FFFFFFFF
11020000 11003000
D2000000 CAFEBABE
D0000000 DEADCAFE
0D000000 102EFA66
03010000 102EFA66
00000400 00000000
0C000000 00000001
10020000 11003000
14040000 00000001
11020000 11003000
D2000000 CAFEBABE
D0000000 DEADCAFE
0D000000 102EFA66
03020000 11003000
00000001 00000000
30000000 10A72A4C
10000000 50000000
31000000 000000C8
30100000 00000000
10000000 50000000
31000000 00000008
30100000 00000000
10000000 50000000
12100001 00000128
12100002 00000120
12100003 00000118
30000000 10A0A610
10000000 50000000
31000000 00000104
30100000 00000000
10000000 50000000
13100001 00000128
13100002 00000120
13100003 00000118
D0000000 DEADCAFE
03020000 11003000
00000002 00000000
30000000 10A72A4C
10000000 50000000
31000000 000000C8
30100000 00000000
10000000 50000000
31000000 00000010
30100000 00000000
10000000 50000000
12100001 00000128
12100002 00000120
12100003 00000118
30000000 10A0A610
10000000 50000000
31000000 00000104
30100000 00000000
10000000 50000000
13100001 00000128
13100002 00000120
13100003 00000118
D0000000 DEADCAFE
03020000 11003000
00000003 00000000
30000000 10A72A4C
10000000 50000000
31000000 000000C8
30100000 00000000
10000000 50000000
31000000 00000018
30100000 00000000
10000000 50000000
12100001 00000128
12100002 00000120
12100003 00000118
30000000 10A0A610
10000000 50000000
31000000 00000104
30100000 00000000
10000000 50000000
13100001 00000128
13100002 00000120
13100003 00000118
D0000000 DEADCAFE
03020000 11003000
00000004 00000000
30000000 10A72A4C
10000000 50000000
31000000 000000C8
30100000 00000000
10000000 50000000
31000000 00000020
30100000 00000000
10000000 50000000
12100001 00000128
12100002 00000120
12100003 00000118
30000000 10A0A610
10000000 50000000
31000000 00000104
30100000 00000000
10000000 50000000
13100001 00000128
13100002 00000120
13100003 00000118
D0000000 DEADCAFE
03020000 11003000
00000005 00000000
30000000 10A72A4C
10000000 50000000
31000000 000000C8
30100000 00000000
10000000 50000000
31000000 00000028
30100000 00000000
10000000 50000000
12100001 00000128
12100002 00000120
12100003 00000118
30000000 10A0A610
10000000 50000000
31000000 00000104
30100000 00000000
10000000 50000000
13100001 00000128
13100002 00000120
13100003 00000118
D0000000 DEADCAFE
03020000 11003000
00000006 00000000
30000000 10A72A4C
10000000 50000000
31000000 000000C8
30100000 00000000
10000000 50000000
31000000 00000030
30100000 00000000
10000000 50000000
12100001 00000128
12100002 00000120
12100003 00000118
30000000 10A0A610
10000000 50000000
31000000 00000104
30100000 00000000
10000000 50000000
13100001 00000128
13100002 00000120
13100003 00000118
D0000000 DEADCAFE
03020000 11003000
00000007 00000000
30000000 10A72A4C
10000000 50000000
31000000 000000C8
30100000 00000000
10000000 50000000
31000000 00000038
30100000 00000000
10000000 50000000
12100001 00000128
12100002 00000120
12100003 00000118
30000000 10A0A610
10000000 50000000
31000000 00000104
30100000 00000000
10000000 50000000
13100001 00000128
13100002 00000120
13100003 00000118
D0000000 DEADCAFE
30000000 10A0A610
10000000 50000000
31000000 00000104
30100000 00000000
10000000 50000000
001209A8 00000000
03120000 00000520
0001193F 00000000
00120520 00000101
D0000000 DEADCAFE
30000000 10A0A610
10000000 50000000
31000000 00000104
30100000 00000000
10000000 50000000
03120000 00000520
00000100 00000000
001208F8 00000000
D0000000 DEADCAFE
09020000 102EFA64
00000080 00000000
30000000 10A8915C
10000000 50000000
31000000 00001000
30100000 00000000
10000000 50000000
31000000 00001000
00120000 00000002
D0000000 DEADCAFE
09020000 102EFA64
00000080 00000000
30000000 109CD8E4
10000000 50000000
31000000 00000020
30100000 00000000
10000000 50000000
31000000 00000000
00120000 51200000
D0000000 DEADCAFE
09020000 102EFA64
00000080 00000000
30000000 10A0A610
10000000 50000000
31000000 00000104
30100000 00000000
10000000 50000000
31000000 00000734
00120000 3AA0D70A
D0000000 DEADCAFE
09020000 102EFA64
00000080 00000000
00020000 1066ACC8
3C96AD89 00000000
D0000000 DEADCAFE
04020000 102EFA64
00000080 00000000
30000000 109CD8E4
10000000 50000000
31000000 00000020
30100000 00000000
10000000 50000000
31000000 00000000
00120000 41A00000
D0000000 DEADCAFE
04020000 102EFA64
00000080 00000000
30000000 10A0A610
10000000 50000000
31000000 00000104
30100000 00000000
10000000 50000000
31000000 00000734
00120000 3CA3D70A
D0000000 DEADCAFE
04020000 102EFA64
00000080 00000000
00020000 1066ACC8
3E26AD89 00000000
D0000000 DEADCAFE